p_MI: [-0.007117477, 0.044528666, -0.048920956]
q_MI: [0.579779597, -0.415983546, 0.445214733, -0.540922499]
q_WG: [-0.003723596, 0.000876650, 0.000003264, 0.999992683]
toff_MI: 1034771.506637179
