p_MI: [0.099887589, 0.050538734, 0.150406232]
q_MI: [0.035657642, -0.011070823, 0.029672086, 0.998862121]
q_WG: [0.039265703, 0.050002513, -0.001967368, 0.997974991]
toff_MI: 0.003023202
